4339.29103044691 1e-06
4339.29651522324 0.000789110406266217
4339.30743086173 0.00136532416748625
4339.32292958011 0.00190440083465978
4339.34380233412 0.0024496000200263
4339.37143087412 0.00302367874915007
4339.40772780187 0.00364287209271389
4339.45522884983 0.00432117233095278
4339.51725507332 0.00507211008947111
4339.59813754984 0.00590967604987402
4339.70351494996 0.00684890535118421
4339.84072283953 0.00790632028748654
4340.01930099835 0.00910031779281327
4340.25165359533 0.0104515458333903
4340.55390779632 0.0119832930012977
4340.94703018452 0.0137219078938031
4341.45827825293 0.0156972598277799
4342.12308744039 0.0179432514174883
4342.98752434354 0.0204983914560243
4344.11147593748 0.0234064368564898
4345.57279559499 0.0267171115510019
4347.47269293468 0.0304869091620726
4349.94274064085 0.0347799851301123
4353.15398334198 0.039669140938013
4357.32877916227 0.0452368986742987
4362.75619374585 0.0515766564876129
4369.81201249363 0.0587939037193978
4378.98475647497 0.0670074558775027
4388.98425391708 0.074923065917924
4398.98384483193 0.0820602382332733
4408.98350035698 0.0886072990059232
4418.98320320258 0.0946867626665972
4428.98294219679 0.10038365018495
4438.98270970451 0.105759832949638
4448.98250027729 0.11086200739127
4458.98230989123 0.115726450000522
4468.98213549026 0.120382012043353
4478.98197469877 0.124852090534054
4488.98182563359 0.129155973454188
4498.98168677674 0.133309785416542
4508.98155688664 0.137327171764876
4518.98143493492 0.141219802138078
4528.98132006022 0.144997750217152
4538.98121153391 0.148669784302381
4548.98110873411 0.152243593165001
4558.98101112583 0.155725963973809
4568.98091824553 0.159122924173397
4578.98082968888 0.162439855861103
4588.98074510113 0.165681588912672
4598.98066416933 0.16885247749406
4608.98058661596 0.171956463446055
4618.98051219384 0.174997129194891
4628.98044068182 0.17797774223071
4638.98037188125 0.180901292741155
4648.98030561307 0.183770525645721
4658.98024171525 0.186587968017193
4668.98018004075 0.189355952677431
4678.98012045572 0.192076638600603
4688.98006283793 0.194752028636847
4698.98000707552 0.19738398497454
4708.97995306581 0.199974242684364
4718.97990071434 0.202524421628471
4728.97984993403 0.205036036969822
4738.97980064441 0.207510508477826
4748.97975277099 0.209949168794733
4758.97970624464 0.212353270801373
4768.97966100114 0.214723994199397
4778.97961698069 0.217062451409602
4788.97957412753 0.219369692871381
4798.97953238958 0.221646711815995
4808.97949171813 0.223894448576163
4818.97945206752 0.226113794486033
4828.97941339496 0.228305595418067
4838.97937566022 0.230470654997405
4848.97933882547 0.232609737528992
4858.97930285511 0.234723570668222
4868.97926771555 0.236812847862139
4878.97923337509 0.238878230584749
4888.97919980378 0.240920350387463
4898.9791669733 0.242939810782868
4908.97913485682 0.244937188978244
4918.97910342893 0.246913037473191
4928.97907266551 0.248867885534132
4938.97904254365 0.250802240557199
4948.97901304161 0.252716589329628
4958.97898413868 0.254611399198716
4968.97895581515 0.256487119156596
4978.97892805227 0.258344180848042
4988.97890083214 0.260182999507948
4998.97887413768 0.262003974834376
5008.97884795259 0.26380749180247
5018.97882226129 0.265593921424171
5028.9787970489 0.26736362145794
5038.97877230117 0.269116937072612
5048.97874800445 0.270854201468852
5058.97872414569 0.272575736461516
5068.97870071235 0.274281853025889
5078.97867769242 0.275972851810518
5088.97865507439 0.277649023619076
5098.97863284718 0.279310649863552
5108.97861100016 0.280958002990784
5118.97858952312 0.282591346884301
5128.97856840623 0.284210937243131
5138.97854764003 0.285817021939189
5148.97852721542 0.287409841354764
5158.97850712365 0.288989628701374
5168.97848735627 0.290556610321263
5178.97846790513 0.292111005972687
5188.97844876239 0.293653029100054
5198.97842992048 0.295182887089868
5208.97841137209 0.296700781513392
5218.97839311016 0.298206908356865
5228.97837512788 0.299701458240039
5238.97835741866 0.301184616623774
5248.97833997614 0.302656564007348
5258.97832279416 0.304117476116053
5268.97830586676 0.305567524079742
5278.97828918818 0.307006874602797
5288.97827275285 0.308435690126007
5298.97825655535 0.309854128980898
5308.97824059046 0.311262345536846
5318.97822485311 0.312660490341449
5328.97820933838 0.314048710254521
5338.97819404151 0.315427148576019
5348.97817895786 0.316795945168323
5358.97816408297 0.31815523657305
5368.97814941247 0.319505156122835
5378.97813494214 0.320845834048208
5388.97812066788 0.322177397579954
5398.9781065857 0.32349997104708
5408.97809269174 0.324813675970691
5418.97807898223 0.326118631153959
5428.97806545351 0.327414952768356
5438.97805210203 0.328702754436406
5448.97803892433 0.329982147311044
5458.97802591705 0.331253240151807
5468.97801307691 0.33251613939802
5478.97800040072 0.333770949239063
5488.97798788539 0.335017771681909
5498.9779755279 0.336256706616057
5508.9779633253 0.337487851875959
5518.97795127474 0.338711303301085
5528.97793937341 0.339927154793707
5538.97792761861 0.341135498374552
5548.97791600767 0.342336424236362
5558.97790453802 0.343530020795492
5568.97789320712 0.34471637474165
5578.97788201254 0.345895571085803
5588.97787095186 0.347067693206407
5598.97786002275 0.348232822893938
5608.97784922292 0.349391040393921
5618.97783855015 0.350542424448385
5628.97782800225 0.351687052335936
5638.97781757711 0.35282499991041
5648.97780727265 0.353956341638215
5658.97779708684 0.355081150634435
5668.9777870177 0.356199498697674
5678.9777770633 0.357311456343765
5688.97776722175 0.358417092838371
5698.9777574912 0.359516476228471
5708.97774786984 0.360609673372872
5718.97773835591 0.361696749971697
5728.97772894769 0.362777770594936
5738.97771964347 0.36385279871009
5748.97771044162 0.364921896708929
5758.9777013405 0.365985125933407
5768.97769233855 0.367042546700801
5778.97768343422 0.368094218328007
5788.97767462598 0.369140199155165
5798.97766591237 0.370180546568479
5808.97765729192 0.371215317022431
5818.97764876321 0.372244566061252
5828.97764032486 0.373268348339797
5838.9776319755 0.374286717643763
5848.97762371379 0.375299726909348
5858.97761553843 0.376307428242324
5868.97760744814 0.377309872936512
5878.97759944166 0.378307111491785
5888.97759151775 0.379299193631519
5898.97758367522 0.380286168319552
5908.97757591288 0.381268083776649
5918.97756822958 0.382244987496531
5928.97756062417 0.383216926261444
5938.97755309554 0.384183946157277
5948.9775456426 0.385146092588279
5958.97753826427 0.386103410291377
5968.97753095952 0.387055943350101
5978.97752372729 0.388003735208104
5988.97751656659 0.388946828682368
5998.97750947641 0.389885265976008
6008.97750245579 0.390819088690761
6018.97749550377 0.391748337839152
6028.9774886194 0.39267305385631
6038.97748180178 0.393593276611508
6048.97747504998 0.394509045419381
6058.97746836313 0.395420399050864
6068.97746174035 0.396327375743851
6078.97745518079 0.397230013213572
6088.9774486836 0.39812834866273
6098.97744224796 0.399022418791346
6108.97743587305 0.399912259806388
6118.97742955809 0.400797907431163
6128.97742330228 0.401679396914433
6138.97741710486 0.402556763039374
6148.97741096506 0.403430040132251
6158.97740488216 0.404299262070924
6168.9773988554 0.40516446229313
6178.97739288409 0.406025673804569
6188.97738696751 0.406882929186806
6198.97738110496 0.407736260604963
